0.8113207547169812 0.8867924528301887 0.8867924528301887 
0.0 0.0 0.0 
1.0 1.0 1.0 
0.5 0.5 0.5 
0.07692307692307693 0.3076923076923077 0.5384615384615384 
0.15789473684210525 0.3157894736842105 0.5 
0.6666666666666666 1.0 1.0 
0.3333333333333333 1.0 1.0 
0.16666666666666666 0.3333333333333333 0.5 
0.5 1.0 1.0 
0.5 0.8571428571428571 1.0 
0.6666666666666666 1.0 1.0 
0.5 0.75 0.75 
0.2727272727272727 0.6060606060606061 0.7878787878787878 
0.0 0.0 0.5 
1.0 1.0 1.0 
1.0 1.0 1.0 
0.3333333333333333 0.5714285714285714 0.6190476190476191 
0.75 0.75 1.0 
0.85 1.0 1.0 
0.0 0.0 0.0 
0.1111111111111111 0.2222222222222222 0.2222222222222222 
0.6923076923076923 0.6923076923076923 0.6923076923076923 
0.6324786324786325 0.8290598290598291 0.8888888888888888 
0.23529411764705882 0.47058823529411764 0.47058823529411764 
0.38461538461538464 0.5 0.6923076923076923 
0.7612903225806451 0.9354838709677419 0.9806451612903225 
0.0 0.0 0.25 
0.49375 0.6875 0.84375 
1.0 1.0 1.0 
