0.0 0.08163265306122448 0.20408163265306123 
0.8 0.9 0.94 
0.92 0.96 0.98 
0.8130081300813008 0.9186991869918699 0.9634146341463414 
0.68 0.88 0.94 
0.34 0.74 0.81 
0.6530612244897959 0.8367346938775511 0.8979591836734694 
0.7602739726027398 0.9178082191780822 0.958904109589041 
0.5510204081632653 0.9183673469387755 0.9285714285714286 
0.8775510204081632 0.9591836734693877 0.9795918367346939 
0.08843537414965986 0.5102040816326531 0.6802721088435374 
0.6188524590163934 0.8811475409836066 0.9385245901639344 
0.40404040404040403 0.8282828282828283 0.8888888888888888 
0.5707070707070707 0.7929292929292929 0.8888888888888888 
0.3917525773195876 0.6907216494845361 0.8247422680412371 
0.875 0.8958333333333334 0.9583333333333334 
0.8571428571428571 0.9387755102040817 0.9387755102040817 
0.6020408163265306 0.8469387755102041 0.8877551020408163 
0.76 0.92 0.94 
0.9795918367346939 0.9795918367346939 0.9795918367346939 
0.98 0.98 0.98 
0.696 0.916 0.976 
0.57 0.7 0.79 
0.0 0.08247422680412371 0.20618556701030927 
0.3333333333333333 0.8181818181818182 0.898989898989899 
0.20833333333333334 0.7291666666666666 0.9375 
0.006993006993006993 0.2517482517482518 0.6363636363636364 
0.6818181818181818 0.8484848484848485 0.9191919191919192 
0.0 0.05442176870748299 0.36054421768707484 
0.66 0.8 0.84 
