0.0 0.030612244897959183 0.09183673469387756 
0.8 0.9 0.94 
0.92 0.94 0.94 
0.8252032520325203 0.9186991869918699 0.959349593495935 
0.2 0.48 0.68 
0.2 0.53 0.67 
0.673469387755102 0.8571428571428571 0.8775510204081632 
0.815068493150685 0.9041095890410958 0.952054794520548 
0.42857142857142855 0.8877551020408163 0.9387755102040817 
0.8367346938775511 0.9081632653061225 0.9489795918367347 
0.07482993197278912 0.3129251700680272 0.5306122448979592 
0.44672131147540983 0.8401639344262295 0.9180327868852459 
0.29292929292929293 0.7575757575757576 0.8787878787878788 
0.5757575757575758 0.8535353535353535 0.898989898989899 
0.6185567010309279 0.9072164948453608 0.9484536082474226 
0.9166666666666666 0.9583333333333334 1.0 
0.8163265306122449 0.9183673469387755 0.9183673469387755 
0.5102040816326531 0.7857142857142857 0.8571428571428571 
0.72 0.94 0.98 
0.8571428571428571 0.9387755102040817 0.9591836734693877 
0.98 1.0 1.0 
0.56 0.832 0.924 
0.5 0.71 0.83 
0.0 0.010309278350515464 0.17525773195876287 
0.08080808080808081 0.494949494949495 0.7777777777777778 
0.0625 0.6458333333333334 0.9166666666666666 
0.0 0.18181818181818182 0.34265734265734266 
0.6161616161616161 0.8888888888888888 0.9595959595959596 
0.0 0.07482993197278912 0.3197278911564626 
0.76 0.86 0.9 
