0.030612244897959183 0.10204081632653061 0.20408163265306123 
0.7 0.88 0.9 
0.86 0.88 0.9 
0.8333333333333334 0.926829268292683 0.9552845528455285 
0.14 0.4 0.52 
0.16 0.49 0.74 
0.4897959183673469 0.8163265306122449 0.8367346938775511 
0.7876712328767124 0.8972602739726028 0.9178082191780822 
0.2653061224489796 0.7040816326530612 0.8469387755102041 
0.8469387755102041 0.9081632653061225 0.9183673469387755 
0.04081632653061224 0.3673469387755102 0.6530612244897959 
0.4139344262295082 0.8032786885245902 0.8770491803278688 
0.25252525252525254 0.5656565656565656 0.7373737373737373 
0.5404040404040404 0.7626262626262627 0.8434343434343434 
0.4948453608247423 0.8350515463917526 0.8969072164948454 
0.7291666666666666 0.875 0.9166666666666666 
0.7346938775510204 0.8979591836734694 0.9183673469387755 
0.6632653061224489 0.8775510204081632 0.9693877551020408 
0.66 0.84 0.9 
0.8367346938775511 0.9183673469387755 0.9387755102040817 
0.94 1.0 1.0 
0.564 0.848 0.936 
0.51 0.7 0.82 
0.0 0.10309278350515463 0.23711340206185566 
0.0707070707070707 0.42424242424242425 0.7474747474747475 
0.20833333333333334 0.8125 0.8958333333333334 
0.09090909090909091 0.27972027972027974 0.46853146853146854 
0.4696969696969697 0.7070707070707071 0.8080808080808081 
0.013605442176870748 0.22448979591836735 0.5034013605442177 
0.74 0.84 0.86 
