0.0 0.061224489795918366 0.14285714285714285 
0.86 0.94 0.96 
0.92 0.96 0.98 
0.8414634146341463 0.9308943089430894 0.9715447154471545 
0.24 0.58 0.8 
0.2 0.57 0.69 
0.46938775510204084 0.8571428571428571 0.8979591836734694 
0.7397260273972602 0.8698630136986302 0.9452054794520548 
0.45918367346938777 0.8877551020408163 0.9489795918367347 
0.8163265306122449 0.8877551020408163 0.9489795918367347 
0.04081632653061224 0.4013605442176871 0.6938775510204082 
0.45901639344262296 0.7786885245901639 0.9098360655737705 
0.40404040404040403 0.797979797979798 0.8888888888888888 
0.5151515151515151 0.7525252525252525 0.8636363636363636 
0.6907216494845361 0.8865979381443299 0.9278350515463918 
0.8333333333333334 0.9166666666666666 0.9375 
0.8571428571428571 0.9183673469387755 0.9183673469387755 
0.673469387755102 0.8571428571428571 0.9183673469387755 
0.82 0.92 0.94 
0.7959183673469388 0.9183673469387755 0.9387755102040817 
0.94 0.98 0.98 
0.58 0.836 0.92 
0.49 0.66 0.79 
0.0 0.010309278350515464 0.14432989690721648 
0.0707070707070707 0.41414141414141414 0.6666666666666666 
0.22916666666666666 0.7083333333333334 0.9166666666666666 
0.027972027972027972 0.20279720279720279 0.45454545454545453 
0.5757575757575758 0.8232323232323232 0.9191919191919192 
0.0 0.2108843537414966 0.35374149659863946 
0.64 0.8 0.84 
