0.7735849056603774 0.8301886792452831 0.8867924528301887 
0.0 0.0 0.0 
1.0 1.0 1.0 
0.625 0.625 0.75 
0.6153846153846154 0.6153846153846154 0.6153846153846154 
0.2631578947368421 0.5526315789473685 0.7631578947368421 
0.3333333333333333 0.6666666666666666 0.6666666666666666 
0.0 1.0 1.0 
0.16666666666666666 0.16666666666666666 0.3333333333333333 
0.8333333333333334 1.0 1.0 
0.6428571428571429 0.7142857142857143 0.9285714285714286 
0.6666666666666666 0.6666666666666666 0.8333333333333334 
0.0 1.0 1.0 
0.18181818181818182 0.5151515151515151 0.6666666666666666 
0.0 0.0 0.0 
1.0 1.0 1.0 
1.0 1.0 1.0 
0.5714285714285714 0.8571428571428571 0.8571428571428571 
1.0 1.0 1.0 
1.0 1.0 1.0 
0.0 0.0 0.0 
0.0 0.1111111111111111 0.4444444444444444 
0.6923076923076923 0.6923076923076923 0.6923076923076923 
0.5641025641025641 0.8205128205128205 0.8717948717948718 
0.4117647058823529 0.5294117647058824 0.5882352941176471 
0.3076923076923077 0.5769230769230769 0.7692307692307693 
0.8580645161290322 0.9806451612903225 1.0 
0.0 0.0 0.0 
0.55625 0.8125 0.89375 
1.0 1.0 1.0 
