0.0 0.0 0.0 
0.3 0.84 0.94 
0.94 0.96 0.96 
0.8170731707317073 0.9065040650406504 0.959349593495935 
0.0 0.0 0.08 
0.0 0.0 0.0 
0.46938775510204084 0.6530612244897959 0.8163265306122449 
0.589041095890411 0.815068493150685 0.8904109589041096 
0.45918367346938777 0.8163265306122449 0.9081632653061225 
0.04081632653061224 0.8367346938775511 0.9081632653061225 
0.0 0.0 0.006802721088435374 
0.045081967213114756 0.6024590163934426 0.7254098360655737 
0.0 0.6666666666666666 0.8282828282828283 
0.0 0.0 0.0 
0.5876288659793815 0.8556701030927835 0.9690721649484536 
0.625 0.75 0.8125 
0.4897959183673469 0.6530612244897959 0.8979591836734694 
0.0 0.07142857142857142 0.5408163265306123 
0.22 0.66 0.8 
0.0 0.0 0.0 
0.92 0.96 1.0 
0.076 0.756 0.892 
0.01 0.33 0.8 
0.0 0.0 0.0 
0.0 0.0 0.16161616161616163 
0.0 0.0 0.020833333333333332 
0.0 0.0 0.0 
0.1717171717171717 0.7171717171717171 0.9292929292929293 
0.0 0.0 0.0 
0.62 0.78 0.8 
