0.02040816326530612 0.12244897959183673 0.14285714285714285 
0.72 0.9 0.92 
0.86 0.92 0.92 
0.8455284552845529 0.9227642276422764 0.9512195121951219 
0.64 0.8 0.86 
0.43 0.58 0.72 
0.5510204081632653 0.7959183673469388 0.8367346938775511 
0.7671232876712328 0.910958904109589 0.9383561643835616 
0.6326530612244898 0.9183673469387755 0.9693877551020408 
0.826530612244898 0.8979591836734694 0.9387755102040817 
0.047619047619047616 0.3877551020408163 0.6054421768707483 
0.4262295081967213 0.8032786885245902 0.8729508196721312 
0.494949494949495 0.797979797979798 0.8686868686868687 
0.5303030303030303 0.8181818181818182 0.898989898989899 
0.6597938144329897 0.9072164948453608 0.9175257731958762 
0.75 0.8541666666666666 0.8958333333333334 
0.8367346938775511 0.9183673469387755 0.9183673469387755 
0.6224489795918368 0.8673469387755102 0.8979591836734694 
0.76 0.84 0.92 
0.9591836734693877 0.9795918367346939 0.9795918367346939 
0.92 0.98 0.98 
0.556 0.764 0.86 
0.57 0.66 0.77 
0.0 0.12371134020618557 0.3711340206185567 
0.1717171717171717 0.5151515151515151 0.696969696969697 
0.3125 0.6875 0.9375 
0.03496503496503497 0.4405594405594406 0.6923076923076923 
0.5858585858585859 0.8181818181818182 0.9191919191919192 
0.006802721088435374 0.23809523809523808 0.564625850340136 
0.58 0.8 0.84 
