0.8679245283018868 0.8867924528301887 0.9433962264150944 
0.0 0.0 0.0 
1.0 1.0 1.0 
0.625 0.75 0.875 
0.5384615384615384 0.6923076923076923 0.7692307692307693 
0.2631578947368421 0.5526315789473685 0.7894736842105263 
0.3333333333333333 0.6666666666666666 1.0 
0.3333333333333333 0.3333333333333333 1.0 
0.16666666666666666 0.3333333333333333 0.3333333333333333 
0.6666666666666666 0.8333333333333334 1.0 
0.6428571428571429 0.8571428571428571 0.9285714285714286 
0.8333333333333334 1.0 1.0 
0.75 0.75 1.0 
0.15151515151515152 0.6666666666666666 0.7878787878787878 
0.0 0.0 0.0 
0.5 1.0 1.0 
1.0 1.0 1.0 
0.3333333333333333 0.6666666666666666 0.7142857142857143 
0.75 1.0 1.0 
1.0 1.0 1.0 
0.0 0.0 0.0 
0.2222222222222222 0.3333333333333333 0.4444444444444444 
0.6923076923076923 0.6923076923076923 0.6923076923076923 
0.7435897435897436 0.9230769230769231 0.9316239316239316 
0.35294117647058826 0.47058823529411764 0.5882352941176471 
0.5769230769230769 0.8076923076923077 0.8461538461538461 
0.896774193548387 0.9612903225806452 0.9741935483870968 
0.0 0.0 0.25 
0.69375 0.875 0.91875 
1.0 1.0 1.0 
