0.0 0.10204081632653061 0.21428571428571427 
0.76 0.94 0.94 
0.88 0.92 0.96 
0.8252032520325203 0.9227642276422764 0.9471544715447154 
0.5 0.84 0.94 
0.45 0.69 0.78 
0.7551020408163265 0.9183673469387755 0.9183673469387755 
0.7465753424657534 0.910958904109589 0.952054794520548 
0.6326530612244898 0.9285714285714286 0.9693877551020408 
0.8979591836734694 0.9387755102040817 0.9591836734693877 
0.11564625850340136 0.4489795918367347 0.6122448979591837 
0.5860655737704918 0.8688524590163934 0.9385245901639344 
0.3939393939393939 0.8585858585858586 0.9090909090909091 
0.5909090909090909 0.8333333333333334 0.9040404040404041 
0.4845360824742268 0.8556701030927835 0.8969072164948454 
0.9375 0.9583333333333334 0.9583333333333334 
0.8775510204081632 0.9183673469387755 0.9387755102040817 
0.5918367346938775 0.826530612244898 0.8979591836734694 
0.66 0.78 0.88 
0.9591836734693877 0.9795918367346939 0.9795918367346939 
0.98 0.98 0.98 
0.612 0.852 0.92 
0.42 0.72 0.82 
0.0 0.12371134020618557 0.26804123711340205 
0.2222222222222222 0.5757575757575758 0.7878787878787878 
0.041666666666666664 0.5833333333333334 0.8958333333333334 
0.02097902097902098 0.3986013986013986 0.6503496503496503 
0.6818181818181818 0.803030303030303 0.8888888888888888 
0.0 0.16326530612244897 0.46258503401360546 
0.66 0.74 0.78 
