0.8490566037735849 0.8679245283018868 0.8867924528301887 
0.0 0.0 0.0 
1.0 1.0 1.0 
0.625 0.75 0.75 
0.46153846153846156 0.6923076923076923 0.7692307692307693 
0.23684210526315788 0.6578947368421053 0.7631578947368421 
0.0 1.0 1.0 
0.0 1.0 1.0 
0.16666666666666666 0.16666666666666666 0.3333333333333333 
0.6666666666666666 0.6666666666666666 1.0 
0.2857142857142857 0.7142857142857143 0.7857142857142857 
0.6666666666666666 0.6666666666666666 1.0 
0.25 1.0 1.0 
0.09090909090909091 0.5757575757575758 0.7272727272727273 
0.0 0.0 0.0 
0.5 1.0 1.0 
1.0 1.0 1.0 
0.38095238095238093 0.6190476190476191 0.7142857142857143 
0.75 1.0 1.0 
1.0 1.0 1.0 
0.0 0.0 0.0 
0.1111111111111111 0.3333333333333333 0.5555555555555556 
0.6923076923076923 0.6923076923076923 0.6923076923076923 
0.7863247863247863 0.8974358974358975 0.9487179487179487 
0.29411764705882354 0.47058823529411764 0.5294117647058824 
0.5384615384615384 0.8076923076923077 0.8846153846153846 
0.8709677419354839 0.9741935483870968 0.9870967741935484 
0.0 0.25 0.25 
0.65625 0.83125 0.9125 
1.0 1.0 1.0 
