0.0 0.04081632653061224 0.05102040816326531 
0.8 0.9 0.94 
0.96 0.96 0.98 
0.8170731707317073 0.9308943089430894 0.9634146341463414 
0.28 0.62 0.88 
0.12 0.51 0.66 
0.7551020408163265 0.8571428571428571 0.8775510204081632 
0.8013698630136986 0.9383561643835616 0.9726027397260274 
0.5204081632653061 0.9387755102040817 0.9489795918367347 
0.8163265306122449 0.9081632653061225 0.9387755102040817 
0.013605442176870748 0.29931972789115646 0.5578231292517006 
0.569672131147541 0.8975409836065574 0.9672131147540983 
0.40404040404040403 0.8282828282828283 0.9292929292929293 
0.5353535353535354 0.8080808080808081 0.8838383838383839 
0.6494845360824743 0.9175257731958762 0.9587628865979382 
0.8958333333333334 0.9166666666666666 0.9375 
0.8367346938775511 0.9387755102040817 0.9387755102040817 
0.41836734693877553 0.7755102040816326 0.8571428571428571 
0.7 0.9 0.9 
0.8367346938775511 0.9387755102040817 0.9387755102040817 
0.98 1.0 1.0 
0.564 0.828 0.908 
0.43 0.7 0.82 
0.0 0.0 0.12371134020618557 
0.030303030303030304 0.6161616161616161 0.8383838383838383 
0.0625 0.7708333333333334 0.9375 
0.0 0.1048951048951049 0.35664335664335667 
0.6717171717171717 0.8686868686868687 0.9242424242424242 
0.0 0.047619047619047616 0.17006802721088435 
0.7 0.88 0.9 
