0.03773584905660377 0.16981132075471697 0.4528301886792453 
0.0 0.0 0.0 
1.0 1.0 1.0 
0.625 0.75 0.75 
0.0 0.0 0.0 
0.0 0.02631578947368421 0.07894736842105263 
0.3333333333333333 0.6666666666666666 1.0 
0.3333333333333333 0.6666666666666666 0.6666666666666666 
0.16666666666666666 0.3333333333333333 0.5 
0.3333333333333333 0.8333333333333334 0.8333333333333334 
0.5714285714285714 0.8571428571428571 0.9285714285714286 
0.5 0.8333333333333334 0.8333333333333334 
0.25 0.75 0.75 
0.30303030303030304 0.6060606060606061 0.7272727272727273 
0.0 0.0 0.0 
1.0 1.0 1.0 
0.0 0.0 0.0 
0.19047619047619047 0.38095238095238093 0.5714285714285714 
0.75 0.75 0.75 
0.75 0.95 0.95 
0.0 0.0 0.0 
0.2222222222222222 0.2222222222222222 0.3333333333333333 
0.6153846153846154 0.6153846153846154 0.6153846153846154 
0.07692307692307693 0.27350427350427353 0.6239316239316239 
0.0 0.11764705882352941 0.23529411764705882 
0.11538461538461539 0.19230769230769232 0.38461538461538464 
0.45806451612903226 0.8193548387096774 0.967741935483871 
0.0 0.0 0.25 
0.04375 0.15 0.225 
0.75 1.0 1.0 
