0.8679245283018868 0.8679245283018868 0.9245283018867925 
0.0 0.0 0.0 
1.0 1.0 1.0 
0.375 0.625 0.75 
0.5384615384615384 0.5384615384615384 0.5384615384615384 
0.21052631578947367 0.631578947368421 0.8421052631578947 
0.3333333333333333 0.6666666666666666 1.0 
0.0 0.6666666666666666 1.0 
0.16666666666666666 0.3333333333333333 0.3333333333333333 
0.5 0.5 1.0 
0.2857142857142857 0.7142857142857143 1.0 
0.3333333333333333 1.0 1.0 
0.5 0.75 1.0 
0.15151515151515152 0.42424242424242425 0.6363636363636364 
0.0 0.0 0.0 
0.5 0.5 1.0 
1.0 1.0 1.0 
0.3333333333333333 0.6190476190476191 0.7619047619047619 
0.75 0.75 1.0 
1.0 1.0 1.0 
0.0 0.0 0.0 
0.0 0.2222222222222222 0.5555555555555556 
0.6923076923076923 0.6923076923076923 0.6923076923076923 
0.7521367521367521 0.8974358974358975 0.9401709401709402 
0.47058823529411764 0.47058823529411764 0.5882352941176471 
0.38461538461538464 0.7307692307692307 0.8076923076923077 
0.9225806451612903 0.9935483870967742 0.9935483870967742 
0.0 0.0 0.0 
0.575 0.75625 0.84375 
1.0 1.0 1.0 
