0.7066666666666667 0.9066666666666666 0.9733333333333334 
0.7647058823529411 0.9411764705882353 0.9705882352941176 
0.7692307692307693 0.8974358974358975 0.9230769230769231 
0.9512195121951219 1.0 1.0 
0.7857142857142857 0.8928571428571429 0.9642857142857143 
0.624 0.816 0.856 
0.8666666666666667 1.0 1.0 
0.9736842105263158 1.0 1.0 
0.9795918367346939 1.0 1.0 
0.8285714285714286 1.0 1.0 
0.7804878048780488 0.9024390243902439 0.975609756097561 
0.3611111111111111 0.7777777777777778 0.8333333333333334 
