0.8679245283018868 0.8679245283018868 0.8867924528301887 
0.0 0.0 0.0 
1.0 1.0 1.0 
0.375 0.5 0.75 
0.5384615384615384 0.5384615384615384 0.5384615384615384 
0.3684210526315789 0.5263157894736842 0.6842105263157895 
0.0 1.0 1.0 
0.0 0.3333333333333333 0.6666666666666666 
0.0 0.3333333333333333 0.3333333333333333 
0.5 0.6666666666666666 1.0 
0.35714285714285715 0.6428571428571429 0.8571428571428571 
0.8333333333333334 1.0 1.0 
0.25 1.0 1.0 
0.18181818181818182 0.7272727272727273 0.8484848484848485 
0.0 0.0 0.0 
1.0 1.0 1.0 
1.0 1.0 1.0 
0.47619047619047616 0.6666666666666666 0.7619047619047619 
0.75 0.75 1.0 
1.0 1.0 1.0 
0.0 0.0 0.0 
0.0 0.0 0.2222222222222222 
0.6923076923076923 0.6923076923076923 0.6923076923076923 
0.7692307692307693 0.9230769230769231 0.9743589743589743 
0.35294117647058826 0.47058823529411764 0.5882352941176471 
0.8076923076923077 0.8076923076923077 0.9230769230769231 
0.832258064516129 0.9741935483870968 0.9870967741935484 
0.0 0.0 0.25 
0.6125 0.875 0.9375 
1.0 1.0 1.0 
