0.8113207547169812 0.8679245283018868 0.9056603773584906 
0.0 0.0 0.0 
1.0 1.0 1.0 
0.5 0.625 0.625 
0.46153846153846156 0.6153846153846154 0.6923076923076923 
0.07894736842105263 0.3684210526315789 0.6052631578947368 
0.0 1.0 1.0 
0.0 0.3333333333333333 0.6666666666666666 
0.16666666666666666 0.3333333333333333 0.3333333333333333 
0.3333333333333333 0.5 1.0 
0.5714285714285714 0.9285714285714286 1.0 
0.3333333333333333 0.6666666666666666 0.8333333333333334 
0.0 0.5 0.75 
0.030303030303030304 0.36363636363636365 0.48484848484848486 
0.0 0.0 0.0 
1.0 1.0 1.0 
1.0 1.0 1.0 
0.23809523809523808 0.38095238095238093 0.5714285714285714 
0.25 0.75 1.0 
0.85 1.0 1.0 
0.0 0.0 0.0 
0.1111111111111111 0.4444444444444444 0.4444444444444444 
0.6923076923076923 0.6923076923076923 0.6923076923076923 
0.6324786324786325 0.8888888888888888 0.9658119658119658 
0.058823529411764705 0.058823529411764705 0.29411764705882354 
0.3076923076923077 0.6923076923076923 0.8076923076923077 
0.8580645161290322 0.9870967741935484 1.0 
0.0 0.0 0.0 
0.6125 0.84375 0.90625 
1.0 1.0 1.0 
