0.1326530612244898 0.20408163265306123 0.25510204081632654 
0.0 0.0 0.0 
0.0 0.0 0.0 
0.0040650406504065045 0.13414634146341464 0.35365853658536583 
0.06 0.28 0.44 
0.11 0.31 0.54 
0.0 0.40816326530612246 0.6530612244897959 
0.0 0.0 0.0 
0.0 0.0 0.061224489795918366 
0.10204081632653061 0.17346938775510204 0.2755102040816326 
0.02040816326530612 0.08163265306122448 0.29931972789115646 
0.004098360655737705 0.03278688524590164 0.10655737704918032 
0.0 0.10101010101010101 0.3333333333333333 
0.48484848484848486 0.8282828282828283 0.9343434343434344 
0.0 0.0 0.0 
0.0 0.0 0.0 
0.0 0.0 0.02040816326530612 
0.5408163265306123 0.8469387755102041 0.9285714285714286 
0.0 0.1 0.3 
0.673469387755102 0.7959183673469388 0.8979591836734694 
0.0 0.0 0.0 
0.0 0.024 0.104 
0.41 0.71 0.74 
0.13402061855670103 0.6082474226804123 0.7731958762886598 
0.04040404040404041 0.1717171717171717 0.5454545454545454 
0.3125 0.9791666666666666 0.9791666666666666 
0.6713286713286714 0.8391608391608392 0.8951048951048951 
0.0 0.0 0.0 
0.5102040816326531 0.782312925170068 0.8435374149659864 
0.12 0.16 0.22 
