0.8301886792452831 0.8679245283018868 0.9056603773584906 
0.0 0.0 0.0 
1.0 1.0 1.0 
0.5 0.625 0.625 
0.5384615384615384 0.6153846153846154 0.6153846153846154 
0.13157894736842105 0.3684210526315789 0.5 
1.0 1.0 1.0 
0.0 0.3333333333333333 0.6666666666666666 
0.0 0.0 0.3333333333333333 
0.3333333333333333 0.5 0.6666666666666666 
0.2857142857142857 0.7857142857142857 0.9285714285714286 
0.6666666666666666 1.0 1.0 
0.25 1.0 1.0 
0.18181818181818182 0.5454545454545454 0.7272727272727273 
0.0 0.0 0.0 
1.0 1.0 1.0 
1.0 1.0 1.0 
0.42857142857142855 0.5714285714285714 0.7619047619047619 
0.5 1.0 1.0 
1.0 1.0 1.0 
0.0 0.0 0.0 
0.0 0.3333333333333333 0.3333333333333333 
0.6923076923076923 0.6923076923076923 0.6923076923076923 
0.7948717948717948 0.905982905982906 0.9401709401709402 
0.23529411764705882 0.4117647058823529 0.47058823529411764 
0.15384615384615385 0.6153846153846154 0.8461538461538461 
0.864516129032258 0.9612903225806452 0.9806451612903225 
0.0 0.0 0.0 
0.5875 0.81875 0.9125 
0.75 1.0 1.0 
