0.8113207547169812 0.8867924528301887 0.8867924528301887 
0.0 0.0 0.0 
1.0 1.0 1.0 
0.625 0.875 0.875 
0.5384615384615384 0.6923076923076923 0.6923076923076923 
0.21052631578947367 0.23684210526315788 0.3684210526315789 
0.3333333333333333 1.0 1.0 
0.0 0.3333333333333333 0.6666666666666666 
0.16666666666666666 0.16666666666666666 0.16666666666666666 
0.8333333333333334 1.0 1.0 
0.14285714285714285 0.6428571428571429 0.8571428571428571 
0.3333333333333333 0.8333333333333334 0.8333333333333334 
0.0 0.5 1.0 
0.21212121212121213 0.5151515151515151 0.696969696969697 
0.0 0.0 0.0 
1.0 1.0 1.0 
1.0 1.0 1.0 
0.42857142857142855 0.5238095238095238 0.7142857142857143 
0.75 1.0 1.0 
1.0 1.0 1.0 
0.0 0.0 0.0 
0.1111111111111111 0.5555555555555556 0.6666666666666666 
0.6923076923076923 0.7692307692307693 0.7692307692307693 
0.358974358974359 0.5641025641025641 0.6837606837606838 
0.4117647058823529 0.5294117647058824 0.5294117647058824 
0.3076923076923077 0.5 0.6538461538461539 
0.5032258064516129 0.7483870967741936 0.8064516129032258 
0.0 0.25 0.5 
0.55625 0.70625 0.79375 
1.0 1.0 1.0 
