0.0 0.01020408163265306 0.04081632653061224 
0.7 0.86 0.88 
0.94 0.96 0.96 
0.6707317073170732 0.8658536585365854 0.943089430894309 
0.0 0.0 0.04 
0.0 0.0 0.0 
0.04081632653061224 0.6530612244897959 0.7551020408163265 
0.6506849315068494 0.8424657534246576 0.910958904109589 
0.07142857142857142 0.8163265306122449 0.8775510204081632 
0.673469387755102 0.826530612244898 0.9081632653061225 
0.0 0.0 0.1564625850340136 
0.16393442622950818 0.8524590163934426 0.9057377049180327 
0.030303030303030304 0.32323232323232326 0.8080808080808081 
0.0 0.20202020202020202 0.6313131313131313 
0.7010309278350515 0.8556701030927835 0.8762886597938144 
0.8958333333333334 0.8958333333333334 0.9166666666666666 
0.0 0.5306122448979592 0.7551020408163265 
0.0 0.2755102040816326 0.4897959183673469 
0.24 0.44 0.7 
0.0 0.40816326530612246 0.8367346938775511 
1.0 1.0 1.0 
0.144 0.528 0.704 
0.0 0.02 0.66 
0.0 0.0 0.030927835051546393 
0.0 0.08080808080808081 0.5858585858585859 
0.0 0.0 0.0 
0.0 0.0 0.0 
0.3434343434343434 0.898989898989899 0.9797979797979798 
0.0 0.0 0.006802721088435374 
0.16 0.6 0.66 
