0.0 0.0 0.0 
0.7 0.9 0.96 
0.9 0.94 0.98 
0.8821138211382114 0.926829268292683 0.959349593495935 
0.0 0.0 0.02 
0.0 0.0 0.0 
0.30612244897959184 0.8367346938775511 0.8775510204081632 
0.678082191780822 0.8082191780821918 0.9246575342465754 
0.04081632653061224 0.5102040816326531 0.6836734693877551 
0.8877551020408163 0.9489795918367347 0.9591836734693877 
0.0 0.0 0.05442176870748299 
0.01639344262295082 0.5901639344262295 0.7909836065573771 
0.030303030303030304 0.7474747474747475 0.8080808080808081 
0.0 0.2222222222222222 0.7070707070707071 
0.5257731958762887 0.8762886597938144 0.9175257731958762 
0.75 0.8541666666666666 0.9375 
0.4897959183673469 0.6122448979591837 0.7346938775510204 
0.0 0.061224489795918366 0.1836734693877551 
0.5 0.78 0.96 
0.0 0.4489795918367347 0.6938775510204082 
1.0 1.0 1.0 
0.18 0.72 0.816 
0.13 0.5 0.76 
0.0 0.0 0.0 
0.0 0.04040404040404041 0.21212121212121213 
0.0 0.0 0.2708333333333333 
0.0 0.0 0.0 
0.24242424242424243 0.8585858585858586 0.9444444444444444 
0.0 0.0 0.0 
0.32 0.72 0.76 
