0.8490566037735849 0.9245283018867925 0.9245283018867925 
0.0 0.0 0.0 
1.0 1.0 1.0 
0.375 0.375 0.5 
0.5384615384615384 0.5384615384615384 0.5384615384615384 
0.10526315789473684 0.5 0.7894736842105263 
0.0 1.0 1.0 
0.0 0.3333333333333333 0.3333333333333333 
0.0 0.0 0.16666666666666666 
0.6666666666666666 0.8333333333333334 1.0 
0.5 0.9285714285714286 0.9285714285714286 
0.16666666666666666 0.5 0.6666666666666666 
0.0 0.75 1.0 
0.09090909090909091 0.5454545454545454 0.7575757575757576 
0.0 0.0 0.0 
0.5 0.5 1.0 
1.0 1.0 1.0 
0.5238095238095238 0.6190476190476191 0.6666666666666666 
0.75 0.75 1.0 
1.0 1.0 1.0 
0.0 0.0 0.0 
0.0 0.2222222222222222 0.2222222222222222 
0.6923076923076923 0.6923076923076923 0.6923076923076923 
0.7692307692307693 0.9316239316239316 0.9743589743589743 
0.4117647058823529 0.5294117647058824 0.7058823529411765 
0.46153846153846156 0.8461538461538461 0.9230769230769231 
0.7870967741935484 0.9741935483870968 1.0 
0.0 0.0 0.0 
0.6 0.775 0.875 
1.0 1.0 1.0 
