0.0 0.0 0.0 
0.24 0.7 0.86 
0.94 0.96 0.96 
0.42276422764227645 0.6910569105691057 0.8089430894308943 
0.0 0.0 0.0 
0.0 0.0 0.0 
0.3877551020408163 0.6530612244897959 0.8367346938775511 
0.9178082191780822 0.958904109589041 0.9657534246575342 
0.01020408163265306 0.7448979591836735 0.8673469387755102 
0.7653061224489796 0.8775510204081632 0.9183673469387755 
0.0 0.0 0.0 
0.11475409836065574 0.9016393442622951 0.9918032786885246 
0.04040404040404041 0.35353535353535354 0.5252525252525253 
0.0 0.0 0.08585858585858586 
0.4639175257731959 0.9484536082474226 0.9896907216494846 
0.22916666666666666 0.6666666666666666 0.8541666666666666 
0.061224489795918366 0.40816326530612246 0.8367346938775511 
0.0 0.0 0.0 
0.02 0.64 0.72 
0.0 0.0 0.10204081632653061 
1.0 1.0 1.0 
0.088 0.34 0.768 
0.0 0.0 0.0 
0.0 0.0 0.0 
0.0 0.0 0.010101010101010102 
0.0 0.0 0.0 
0.0 0.0 0.0 
0.2828282828282828 0.6818181818181818 0.9242424242424242 
0.0 0.0 0.0 
0.06 0.64 0.78 
