0.8490566037735849 0.8867924528301887 0.8867924528301887 
0.0 0.0 0.0 
1.0 1.0 1.0 
0.375 0.375 0.5 
0.46153846153846156 0.5384615384615384 0.5384615384615384 
0.05263157894736842 0.5 0.631578947368421 
0.3333333333333333 1.0 1.0 
0.0 0.0 0.6666666666666666 
0.0 0.16666666666666666 0.16666666666666666 
0.3333333333333333 0.6666666666666666 0.8333333333333334 
0.07142857142857142 0.6428571428571429 0.8571428571428571 
0.0 0.0 0.5 
0.25 0.5 1.0 
0.06060606060606061 0.5454545454545454 0.8181818181818182 
0.0 0.0 0.0 
1.0 1.0 1.0 
1.0 1.0 1.0 
0.3333333333333333 0.6666666666666666 0.7142857142857143 
0.5 0.75 1.0 
1.0 1.0 1.0 
0.0 0.0 0.0 
0.0 0.1111111111111111 0.5555555555555556 
0.6923076923076923 0.6923076923076923 0.6923076923076923 
0.8632478632478633 0.9829059829059829 0.9914529914529915 
0.29411764705882354 0.4117647058823529 0.47058823529411764 
0.5 0.7692307692307693 0.9615384615384616 
0.8387096774193549 0.967741935483871 0.9935483870967742 
0.0 0.25 0.25 
0.6125 0.76875 0.925 
1.0 1.0 1.0 
