0.0 0.02040816326530612 0.08163265306122448 
0.68 0.86 0.92 
0.84 0.92 0.94 
0.8577235772357723 0.9227642276422764 0.9512195121951219 
0.0 0.0 0.06 
0.0 0.0 0.03 
0.6938775510204082 0.8367346938775511 0.8775510204081632 
0.8561643835616438 0.952054794520548 0.9726027397260274 
0.05102040816326531 0.5714285714285714 0.7755102040816326 
0.9183673469387755 0.9693877551020408 0.9795918367346939 
0.0 0.006802721088435374 0.034013605442176874 
0.09836065573770492 0.8770491803278688 0.9508196721311475 
0.10101010101010101 0.6161616161616161 0.7373737373737373 
0.12626262626262627 0.5454545454545454 0.7828282828282829 
0.44329896907216493 0.9278350515463918 0.9896907216494846 
0.8333333333333334 0.8958333333333334 0.9375 
0.7755102040816326 0.8571428571428571 0.8979591836734694 
0.0 0.15306122448979592 0.46938775510204084 
0.4 0.6 0.72 
0.7142857142857143 0.9795918367346939 0.9795918367346939 
0.92 0.98 1.0 
0.396 0.796 0.916 
0.18 0.51 0.79 
0.0 0.0 0.041237113402061855 
0.0 0.1717171717171717 0.37373737373737376 
0.0 0.10416666666666667 0.6875 
0.0 0.006993006993006993 0.0979020979020979 
0.4494949494949495 0.7272727272727273 0.9090909090909091 
0.0 0.0 0.0 
0.66 0.78 0.78 
