0.8679245283018868 0.9056603773584906 0.9433962264150944 
0.0 0.0 0.0 
1.0 1.0 1.0 
0.375 0.375 0.5 
0.38461538461538464 0.5384615384615384 0.5384615384615384 
0.0 0.2894736842105263 0.42105263157894735 
0.0 1.0 1.0 
0.0 0.3333333333333333 0.3333333333333333 
0.0 0.16666666666666666 0.16666666666666666 
0.5 0.5 0.8333333333333334 
0.14285714285714285 0.5 0.9285714285714286 
0.16666666666666666 0.5 0.5 
0.0 0.5 1.0 
0.21212121212121213 0.6363636363636364 0.696969696969697 
0.0 0.0 0.0 
1.0 1.0 1.0 
1.0 1.0 1.0 
0.42857142857142855 0.5238095238095238 0.5714285714285714 
0.75 1.0 1.0 
0.95 0.95 1.0 
0.0 0.0 1.0 
0.0 0.0 0.1111111111111111 
0.6153846153846154 0.6153846153846154 0.6923076923076923 
0.5982905982905983 0.9230769230769231 0.9487179487179487 
0.17647058823529413 0.5294117647058824 0.7058823529411765 
0.5384615384615384 0.9230769230769231 0.9615384615384616 
0.7419354838709677 0.9870967741935484 1.0 
0.0 0.0 0.25 
0.53125 0.70625 0.8 
1.0 1.0 1.0 
