0.0 0.0 0.04081632653061224 
0.76 0.96 0.96 
0.96 0.96 0.96 
0.8008130081300813 0.9065040650406504 0.9634146341463414 
0.0 0.0 0.18 
0.0 0.0 0.02 
0.6938775510204082 0.8775510204081632 0.8775510204081632 
0.7191780821917808 0.8904109589041096 0.9315068493150684 
0.08163265306122448 0.5918367346938775 0.8061224489795918 
0.7142857142857143 0.9183673469387755 0.9591836734693877 
0.0 0.013605442176870748 0.1292517006802721 
0.09016393442622951 0.7459016393442623 0.8811475409836066 
0.08080808080808081 0.8282828282828283 0.9090909090909091 
0.03535353535353535 0.3838383838383838 0.7272727272727273 
0.6804123711340206 0.9175257731958762 0.9484536082474226 
0.6666666666666666 0.8333333333333334 0.8541666666666666 
0.7959183673469388 0.8979591836734694 0.9591836734693877 
0.0 0.08163265306122448 0.2653061224489796 
0.68 0.78 0.84 
0.30612244897959184 0.8367346938775511 0.8979591836734694 
0.94 1.0 1.0 
0.484 0.82 0.924 
0.15 0.37 0.62 
0.0 0.0 0.0 
0.0 0.0707070707070707 0.2828282828282828 
0.0 0.0 0.5 
0.0 0.0 0.0 
0.6161616161616161 0.8787878787878788 0.9545454545454546 
0.0 0.0 0.0 
0.7 0.84 0.84 
