0.0 0.0 0.030612244897959183 
0.84 0.96 0.96 
0.86 0.9 0.9 
0.8170731707317073 0.9024390243902439 0.926829268292683 
0.0 0.22 0.52 
0.0 0.06 0.37 
0.5714285714285714 0.8571428571428571 0.8979591836734694 
0.7808219178082192 0.8904109589041096 0.9383561643835616 
0.5612244897959183 0.9183673469387755 0.9489795918367347 
0.8571428571428571 0.9591836734693877 0.9795918367346939 
0.0 0.027210884353741496 0.272108843537415 
0.45491803278688525 0.8852459016393442 0.9467213114754098 
0.2222222222222222 0.7676767676767676 0.8686868686868687 
0.2676767676767677 0.6515151515151515 0.8686868686868687 
0.5360824742268041 0.9484536082474226 0.9690721649484536 
0.625 0.7708333333333334 0.8541666666666666 
0.7959183673469388 0.8979591836734694 0.8979591836734694 
0.02040816326530612 0.2755102040816326 0.5 
0.72 0.84 0.92 
0.7755102040816326 0.9795918367346939 0.9795918367346939 
0.88 0.98 0.98 
0.628 0.888 0.956 
0.31 0.58 0.82 
0.0 0.0 0.030927835051546393 
0.050505050505050504 0.32323232323232326 0.5959595959595959 
0.0 0.16666666666666666 0.8333333333333334 
0.0 0.0 0.11888111888111888 
0.6060606060606061 0.8737373737373737 0.9494949494949495 
0.0 0.0 0.0 
0.68 0.84 0.88 
