0.030612244897959183 0.04081632653061224 0.08163265306122448 
0.18 0.28 0.4 
0.18 0.26 0.28 
0.10569105691056911 0.25609756097560976 0.4146341463414634 
0.04 0.12 0.24 
0.1 0.4 0.81 
0.16326530612244897 0.46938775510204084 0.673469387755102 
0.0 0.00684931506849315 0.0136986301369863 
0.21428571428571427 0.46938775510204084 0.6836734693877551 
0.5510204081632653 0.673469387755102 0.7142857142857143 
0.17687074829931973 0.3469387755102041 0.5918367346938775 
0.06147540983606557 0.13934426229508196 0.20081967213114754 
0.09090909090909091 0.26262626262626265 0.36363636363636365 
0.45454545454545453 0.7727272727272727 0.9343434343434344 
0.020618556701030927 0.020618556701030927 0.041237113402061855 
0.041666666666666664 0.08333333333333333 0.08333333333333333 
0.14285714285714285 0.22448979591836735 0.2857142857142857 
0.22448979591836735 0.6020408163265306 0.7551020408163265 
0.02 0.04 0.1 
0.7142857142857143 0.8163265306122449 0.8979591836734694 
0.0 0.0 0.0 
0.004 0.04 0.092 
0.5 0.59 0.63 
0.0 0.13402061855670103 0.29896907216494845 
0.18181818181818182 0.2828282828282828 0.43434343434343436 
0.1875 0.7708333333333334 0.9166666666666666 
0.09090909090909091 0.27972027972027974 0.45454545454545453 
0.005050505050505051 0.015151515151515152 0.030303030303030304 
0.1292517006802721 0.43537414965986393 0.6326530612244898 
0.38 0.48 0.54 
